     1	4 M003 18.6232 13.3839 0.0229337
     2	137 SKA073 21.2561 -19.3695 0.0287576
     3	133 SKA069 -30.0322 2.11506 0.0301066
     4	129 SKA065 -5.82844 30.9467 0.0314908
     5	138 SKA074 -7.94352 -31.2806 0.0322734
     6	128 SKA064 -37.8609 31.7259 0.0493962
     7	126 SKA062 26.7591 44.8616 0.0522361
     8	5 M004 -38.4237 -37.4844 0.0536792
     9	3 M002 52.9919 -8.66284 0.0536953
    10	144 SKA080 24.3856 -53.5444 0.0588359
    11	121 SKA057 -2.95729 61.2255 0.0612969
    12	136 SKA072 -63.3472 -9.90739 0.0641173
    13	6 M005 -16.9101 -67.7777 0.0698553
    14	143 SKA079 56.9732 -48.3124 0.0746996
    15	1 M000 76.8157 8.35004 0.0772682
    16	117 SKA053 30.9223 76.0309 0.0820785
    17	142 SKA078 -70.5537 -45.9747 0.084211
    18	120 SKA056 63.8831 63.6745 0.090197
    19	122 SKA058 -71.6448 57.3293 0.0917585
    20	30 M029 -3.59659 91.856 0.0919264
    21	116 SKA052 -35.832 87.8307 0.0948587
    22	139 SKA075 89.5608 -36.5126 0.0967177
    23	2 M001 86.19 44.0178 0.0967796
    24	149 SKA085 -49.7092 -90.0571 0.102865
    25	150 SKA086 38.6265 -95.5117 0.103027
    26	132 SKA068 -104.012 5.56595 0.104161
    27	7 M006 66.8586 -80.1341 0.104363
    28	135 SKA071 105.84 1.00187 0.105845
    29	113 SKA049 54.973 99.4079 0.113596
    30	151 SKA087 -24.4813 -113.879 0.116481
    31	115 SKA051 87.7424 88.276 0.124464
    32	146 SKA082 100.481 -74.0271 0.124806
    33	112 SKA048 -61.6532 108.536 0.124825
    34	123 SKA059 117.507 50.7615 0.128002
    35	140 SKA076 123.297 -40.5201 0.129785
    36	29 M028 33.9466 128.942 0.133336
    37	148 SKA084 -107.391 -87.4967 0.138523
    38	119 SKA055 -128.388 65.7895 0.144263
    39	152 SKA088 65.3952 -129.019 0.144646
    40	130 SKA066 144.582 16.6979 0.145543
    41	66 SKA002 20.4809 162.08 0.163369
    42	114 SKA050 137.576 89.8344 0.164309
    43	145 SKA081 154.315 -67.1254 0.168282
    44	110 SKA046 130.082 130.8 0.184472
    45	8 M007 -4.42827 -187.859 0.187911
    46	19 M018 190.687 -30.3812 0.193092
    47	10 M009 117.394 -156.058 0.195283
    48	21 M020 181.986 -84.3609 0.200588
    49	131 SKA067 202.617 6.56782 0.202723
    50	108 SKA044 73.1091 191.357 0.204847
    51	155 SKA091 52.8005 -197.925 0.204847
    52	12 M011 168.996 -137.006 0.217555
    53	157 SKA093 -80.2774 -210.059 0.224876
    54	28 M027 125.503 193.251 0.230428
    55	27 M026 -13.8265 233.566 0.233975
    56	67 SKA003 -62.9739 226.423 0.235017
    57	22 M021 -210.587 -112.068 0.23855
    58	24 M023 -236.895 73.7154 0.248099
    59	125 SKA061 255.724 49.8709 0.260541
    60	111 SKA047 -235.195 120.447 0.264243
    61	154 SKA090 -186.644 -187.461 0.264533
    62	158 SKA094 119.794 -236.33 0.264957
    63	20 M019 255.68 -69.8883 0.26506
    64	13 M012 224.945 -153.258 0.272192
    65	141 SKA077 -283.459 -45.0842 0.287022
    66	106 SKA042 202.914 203.936 0.287687
    67	105 SKA041 -130.283 257.258 0.288367
    68	16 M015 295.494 -3.54662 0.295515
    69	153 SKA089 267.515 -129.241 0.297098
    70	18 M017 284.483 103.752 0.302812
    71	9 M008 -8.36079 -320.672 0.320781
    72	11 M010 173.076 -297.428 0.34412
    73	161 SKA097 89.8574 -336.963 0.348738
    74	23 M022 -287.531 217.006 0.36023
    75	14 M013 321.618 -178.548 0.367855
    76	43 M042 -276.271 -245.665 0.369698
    77	15 M014 365.448 -70.4571 0.372178
    78	17 M016 372.927 29.8546 0.37412
    79	31 M030 256.167 330.851 0.41843
    80	118 SKA054 414.833 66.1235 0.42007
    81	107 SKA043 -374.168 191.691 0.420413
    82	159 SKA095 -296.954 -298.446 0.421013
    83	163 SKA099 190.635 -375.924 0.421498
    84	103 SKA039 65.6919 417.001 0.422144
    85	25 M024 -265.595 367.137 0.453134
    86	26 M025 -96.708 442.958 0.453392
    87	32 M031 331.372 310.581 0.454167
    88	39 M038 298.162 -354.858 0.463492
    89	36 M035 470.817 34.8573 0.472106
    90	156 SKA092 429.093 -209.168 0.477359
    91	37 M036 472.923 -75.4398 0.478902
    92	35 M034 442.5 188.04 0.480797
    93	42 M041 -202.185 -447.819 0.491346
    94	41 M040 58.2403 -498.561 0.501951
    95	40 M039 338.561 -378.015 0.507463
    96	147 SKA083 -501.772 -79.8157 0.50808
    97	102 SKA038 -230.592 454.961 0.510061
    98	38 M037 464.966 -244.651 0.525402
    99	44 M043 -544.116 87.6426 0.551129
   100	48 M047 -492.634 -302.858 0.578283
   101	65 SKA001 613.661 -32.2825 0.61451
   102	165 SKA101 159.062 -596.447 0.617292
   103	100 SKA036 220.189 576.744 0.617347
   104	162 SKA098 -512.797 -353.327 0.622736
   105	33 M032 545.845 392.658 0.672404
   106	127 SKA063 -742.346 39.1843 0.743379
   107	164 SKA100 577.714 -470.1 0.744814
   108	167 SKA103 -266.385 -697.414 0.746557
   109	99 SKA035 -192.425 721.681 0.746894
   110	104 SKA040 -758.057 446.083 0.879568
   111	109 SKA045 888.104 141.486 0.899304
   112	166 SKA102 -635.883 -638.86 0.901382
   113	168 SKA104 408.268 -805.17 0.902763
   114	97 SKA033 140.658 892.556 0.903571
   115	52 M051 -764.336 -555.893 0.945107
   116	55 M054 956.158 -285.285 0.99781
   117	53 M052 -507.55 -936.69 1.06536
   118	54 M053 94.4264 -1093.13 1.0972
   119	45 M044 -810.087 819.347 1.1522
   120	160 SKA096 1199.98 -305.348 1.23822
   121	94 SKA030 -378.131 1184.88 1.24375
   122	34 M033 665.082 1083.82 1.27161
   123	170 SKA106 -971.46 -880.813 1.31132
   124	56 M055 1285.55 313.392 1.3232
   125	134 SKA070 1473.22 0.974041 1.47322
   126	93 SKA029 -814.287 1306.44 1.53943
   127	172 SKA108 -870.998 -1355.72 1.6114
   128	46 M045 -1745.79 484.408 1.81175
   129	57 M056 1681.7 685.073 1.81589
   130	92 SKA028 -1226.94 1362.54 1.83355
   131	101 SKA037 1840.3 473.774 1.90031
   132	173 SKA109 -512.443 -1838.43 1.90851
   133	51 M050 -1965.23 -630.377 2.06386
   134	62 M061 68.677 -2116.44 2.11755
   135	95 SKA031 -2051.98 1159.83 2.35708
   136	96 SKA032 2065.97 1134.9 2.35717
   137	175 SKA111 -55.7769 -2365.64 2.3663
   138	47 M046 -1380.47 1975.36 2.40993
   139	63 M062 -1354.35 -2297.04 2.66658
   140	98 SKA034 -2816.33 762.646 2.91776
   141	90 SKA026 2012.42 2298.86 3.05526
   142	178 SKA114 902.683 -2978.82 3.11259
   143	88 SKA024 1828.72 2932.43 3.45592
   144	58 M057 379.313 3489.19 3.50975
   145	50 M049 -3516.89 655.237 3.57741
   146	124 SKA060 -3613.81 50.4275 3.61416
   147	180 SKA116 1653.04 -3230.03 3.62845
   148	64 M063 -3331.44 -1630.7 3.70913
   149	61 M060 3501.67 -1630.7 3.86275
   150	181 SKA117 2856.61 -2639.93 3.88966
   151	60 M059 3767.29 978.963 3.89241
   152	49 M048 -2716.89 2914.25 3.98426
   153	59 M058 2887.14 2914.25 4.10225
   154	171 SKA107 -4354.61 -1049.29 4.47925
   155	87 SKA023 1711.7 4289.29 4.61822
   156	179 SKA115 4864.97 -2664.09 5.54665
   157	177 SKA113 -4908.87 -2597.41 5.5537
   158	84 SKA020 839.069 5976 6.03462
   159	182 SKA118 -4624.87 -4374.05 6.36567
   160	82 SKA018 -1637.27 6583.2 6.78374
   161	174 SKA110 6519.83 -2425.69 6.95645
   162	183 SKA119 -4387.06 -7297.12 8.51436
   163	81 SKA017 -3509.38 7796.45 8.54988
   164	169 SKA105 8546.32 -1197.16 8.62976
   165	185 SKA121 -2897.95 -9905.16 10.3204
   166	91 SKA027 10348.7 2006.71 10.5415
   167	79 SKA015 -6583.17 8283.91 10.5812
   168	86 SKA022 12523.1 4830.95 13.4226
   169	80 SKA016 -11212.5 7711.37 13.6083
   170	187 SKA123 -1847.98 -14313.9 14.4327
   171	78 SKA014 11981.9 10094.7 15.6674
   172	83 SKA019 -15900.9 6019.93 17.0023
   173	189 SKA125 1527.28 -16952.8 17.0215
   174	190 SKA126 6313.85 -18553.2 19.5981
   175	89 SKA025 -20300.9 2933.26 20.5117
   176	77 SKA013 12789.6 16937.1 21.2236
   177	176 SKA112 -24809.6 -1760.08 24.872
   178	192 SKA128 18434 -17385.4 25.339
   179	76 SKA012 8991.68 24241.1 25.855
   180	186 SKA122 -28537.4 -10780.3 30.5057
   181	191 SKA127 24341.4 -18999.5 30.8785
   182	74 SKA010 3654.52 30684.8 30.9017
   183	188 SKA124 34596.6 -14637.4 37.5657
   184	193 SKA129 -31974.6 -21997.9 38.8109
   185	73 SKA009 -1977.94 39088.4 39.1384
   186	184 SKA120 42533 -5210.81 42.851
   187	71 SKA007 -15313.7 45632.7 48.1337
   188	194 SKA130 -35010.5 -36612.1 50.6575
   189	85 SKA021 57779 6012.34 58.091
   190	70 SKA006 -31645.5 50352.7 59.4713
   191	195 SKA131 -26173.3 -54352.1 60.3257
   192	196 SKA132 -16795.2 -69574 71.5725
   193	69 SKA005 -52600.8 50178 72.6958
   194	75 SKA011 68837.6 23536.3 72.7501
   195	68 SKA004 74537.7 48103.1 88.7118
   196	197 SKA133 5360.79 -89789 89.9489
   197	72 SKA008 -81024.9 45025.4 92.6948
