     1	29 M029 18.6338 13.3583 0.0229273
     2	137 SKA073 21.2561 -19.3695 0.0287576
     3	133 SKA069 -30.0322 2.11506 0.0301066
     4	129 SKA065 -5.82844 30.9467 0.0314908
     5	138 SKA074 -7.94352 -31.1693 0.0321656
     6	128 SKA064 -37.8609 31.7259 0.0493962
     7	126 SKA062 26.7591 44.8616 0.0522361
     8	34 M034 -38.3681 -37.4032 0.0535827
     9	32 M032 53.0589 -8.68288 0.0537647
    10	144 SKA080 24.3856 -53.4331 0.0587346
    11	121 SKA057 -2.95729 61.2255 0.0612969
    12	136 SKA072 -63.3472 -10.0187 0.0641346
    13	35 M035 -16.8537 -67.682 0.0697488
    14	143 SKA079 56.9732 -48.3124 0.0746996
    15	30 M030 76.8511 8.34893 0.0773033
    16	117 SKA053 30.9223 76.0309 0.0820785
    17	142 SKA078 -70.5537 -45.9747 0.084211
    18	120 SKA056 63.8831 63.6745 0.090197
    19	122 SKA058 -71.6448 57.3293 0.0917585
    20	23 M023 -3.5698 91.9495 0.0920188
    21	116 SKA052 -35.832 87.942 0.0949617
    22	139 SKA075 89.5608 -36.5126 0.0967177
    23	26 M026 86.2111 43.971 0.0967771
    24	149 SKA085 -49.7092 -90.0571 0.102865
    25	150 SKA086 38.6265 -95.5117 0.103027
    26	132 SKA068 -104.012 5.56595 0.104161
    27	39 M039 66.85 -80.1497 0.104369
    28	135 SKA071 105.84 1.00187 0.105845
    29	113 SKA049 54.973 99.4079 0.113596
    30	151 SKA087 -24.4813 -113.879 0.116481
    31	115 SKA051 87.7424 88.276 0.124464
    32	146 SKA082 100.481 -74.0271 0.124806
    33	112 SKA048 -61.6532 108.536 0.124825
    34	123 SKA059 117.507 50.7615 0.128002
    35	140 SKA076 123.297 -40.5201 0.129785
    36	21 M021 34.0136 129.019 0.133427
    37	148 SKA084 -107.391 -87.4967 0.138523
    38	119 SKA055 -128.388 65.7895 0.144263
    39	152 SKA088 65.3952 -129.019 0.144646
    40	130 SKA066 144.582 16.6979 0.145543
    41	66 SKA002 20.4809 162.08 0.163369
    42	114 SKA050 137.576 89.8344 0.164309
    43	145 SKA081 154.315 -67.1254 0.168282
    44	110 SKA046 130.082 130.8 0.184472
    45	46 M046 -4.37372 -187.795 0.187846
    46	33 M033 190.702 -30.3901 0.193108
    47	44 M044 117.411 -156.069 0.195302
    48	40 M040 182.06 -84.3798 0.200663
    49	131 SKA067 202.617 6.56782 0.202723
    50	155 SKA091 52.8005 -197.925 0.204847
    51	108 SKA044 73.1091 191.469 0.204952
    52	42 M042 169.006 -137.034 0.217581
    53	157 SKA093 -80.2774 -210.059 0.224876
    54	19 M019 125.584 193.25 0.230471
    55	17 M017 -13.772 233.659 0.234065
    56	67 SKA003 -62.9739 226.423 0.235017
    57	41 M041 -210.561 -112.098 0.238541
    58	25 M025 -236.851 73.6932 0.248051
    59	125 SKA061 255.724 49.8709 0.260541
    60	111 SKA047 -235.195 120.447 0.264243
    61	154 SKA090 -186.644 -187.461 0.264533
    62	158 SKA094 119.794 -236.33 0.264957
    63	36 M036 255.733 -69.797 0.265087
    64	43 M043 224.955 -153.175 0.272153
    65	141 SKA077 -283.459 -45.0842 0.287022
    66	106 SKA042 202.914 203.936 0.287687
    67	105 SKA041 -130.283 257.147 0.288268
    68	31 M031 295.575 -3.45089 0.295595
    69	153 SKA089 267.515 -129.13 0.29705
    70	22 M022 284.531 103.749 0.302856
    71	52 M052 -8.35505 -320.599 0.320708
    72	50 M050 173.13 -297.444 0.344161
    73	161 SKA097 89.8574 -336.963 0.348738
    74	18 M018 -287.507 217.072 0.360251
    75	45 M045 321.636 -178.556 0.367875
    76	48 M048 -276.243 -245.57 0.369614
    77	37 M037 365.488 -70.3536 0.372198
    78	28 M028 373.001 29.8335 0.374192
    79	14 M014 256.164 330.951 0.418508
    80	118 SKA054 414.833 66.1235 0.42007
    81	107 SKA043 -374.168 191.691 0.420413
    82	159 SKA095 -296.954 -298.335 0.420934
    83	163 SKA099 190.635 -375.924 0.421498
    84	103 SKA039 65.6919 417.001 0.422144
    85	13 M013 -265.61 367.13 0.453137
    86	11 M011 -96.6812 443.05 0.453476
    87	16 M016 331.379 310.58 0.454172
    88	53 M053 298.217 -354.885 0.463548
    89	27 M027 470.907 34.8428 0.472194
    90	156 SKA092 429.093 -209.168 0.477359
    91	38 M038 473.003 -75.363 0.478969
    92	20 M020 442.502 188.129 0.480833
    93	55 M055 -202.129 -447.836 0.491338
    94	56 M056 58.3131 -498.486 0.501885
    95	54 M054 338.643 -378.039 0.507536
    96	147 SKA083 -501.772 -79.8157 0.50808
    97	102 SKA038 -230.592 454.961 0.510061
    98	47 M047 465.031 -244.568 0.525421
    99	24 M024 -544.131 87.7194 0.551156
   100	51 M051 -492.603 -302.788 0.57822
   101	65 SKA001 613.661 -32.2825 0.61451
   102	100 SKA036 220.189 576.632 0.617242
   103	165 SKA101 159.062 -596.447 0.617292
   104	162 SKA098 -512.797 -353.327 0.622736
   105	12 M012 545.882 392.733 0.672478
   106	127 SKA063 -742.346 39.1843 0.743379
   107	164 SKA100 577.714 -470.1 0.744814
   108	167 SKA103 -266.385 -697.414 0.746557
   109	99 SKA035 -192.425 721.681 0.746894
   110	109 SKA045 888.104 141.486 0.899304
   111	104 SKA040 -801.166 410.322 0.900128
   112	166 SKA102 -635.883 -638.971 0.901461
   113	168 SKA104 408.268 -805.17 0.902763
   114	97 SKA033 140.658 892.556 0.903571
   115	57 M057 -764.329 -555.927 0.945121
   116	49 M049 956.227 -285.311 0.997884
   117	59 M059 -507.572 -936.638 1.06533
   118	60 M060 94.48 -1093.04 1.09712
   119	7 M007 -810.047 819.308 1.15215
   120	160 SKA096 1199.98 -305.348 1.23822
   121	170 SKA106 -863.317 -891.554 1.24104
   122	94 SKA030 -378.131 1184.88 1.24375
   123	5 M005 665.169 1083.91 1.27174
   124	15 M015 1285.59 313.474 1.32326
   125	134 SKA070 1533.64 2.11506 1.53364
   126	172 SKA108 -765.324 -1335.38 1.53914
   127	93 SKA029 -814.287 1306.44 1.53943
   128	10 M010 -1745.78 484.349 1.81172
   129	8 M008 1681.7 685.168 1.81592
   130	101 SKA037 1840.3 473.774 1.90031
   131	92 SKA028 -1374.63 1318.57 1.90479
   132	173 SKA109 -512.443 -1838.43 1.90851
   133	58 M058 -1965.25 -630.288 2.06385
   134	63 M063 68.6779 -2116.4 2.11751
   135	95 SKA031 -2051.98 1159.94 2.35713
   136	96 SKA032 2065.97 1134.9 2.35717
   137	175 SKA111 -55.7769 -2365.64 2.3663
   138	4 M004 -1380.49 1975.36 2.40994
   139	64 M064 -1354.33 -2296.96 2.6665
   140	98 SKA034 -2816.33 762.646 2.91776
   141	178 SKA114 652.794 -2856.56 2.9302
   142	90 SKA026 2241.32 2122.63 3.08692
   143	1 M001 379.327 3489.29 3.50985
   144	9 M009 -3516.91 655.224 3.57743
   145	124 SKA060 -3613.81 50.4275 3.61416
   146	88 SKA024 1956.72 3053.7 3.62682
   147	180 SKA116 1653.04 -3230.03 3.62845
   148	62 M062 -3331.37 -1630.6 3.70903
   149	61 M061 3501.71 -1630.6 3.86275
   150	181 SKA117 2856.61 -2639.93 3.88966
   151	6 M006 3767.29 979.051 3.89243
   152	2 M002 -2716.85 2914.33 3.98429
   153	3 M003 2887.2 2914.33 4.10235
   154	171 SKA107 -4354.61 -1049.29 4.47925
   155	87 SKA023 1420.19 4267.64 4.49774
   156	179 SKA115 4579.73 -2655.74 5.29404
   157	177 SKA113 -4908.87 -2597.41 5.5537
   158	84 SKA020 407.426 5559.83 5.57474
   159	182 SKA118 -4624.28 -4541.7 6.48159
   160	174 SKA110 6462.73 -2352.62 6.87762
   161	82 SKA018 -1201.19 6800.92 6.90618
   162	183 SKA119 -4720.98 -7122.97 8.54543
   163	81 SKA017 -3509.38 7796.45 8.54988
   164	169 SKA105 8616.51 -1216.05 8.7019
   165	91 SKA027 10429.3 1598.65 10.5511
   166	79 SKA015 -6583.17 8283.91 10.5812
   167	185 SKA121 -3500.18 -10003.1 10.5978
   168	86 SKA022 12033.7 5124.79 13.0795
   169	80 SKA016 -10423.2 7924.47 13.0935
   170	187 SKA123 -1673.71 -14036.8 14.1362
   171	78 SKA014 11925.8 10050.7 15.5962
   172	83 SKA019 -14918.1 6314.24 16.1994
   173	189 SKA125 1701.13 -16981.8 17.0668
   174	89 SKA025 -19884.1 3048.92 20.1165
   175	77 SKA013 12470.8 15791.9 20.1223
   176	190 SKA126 8014.7 -18492.2 20.1543
   177	176 SKA112 -24743.9 -2489.54 24.8688
   178	76 SKA012 9987.48 22785.1 24.8779
   179	192 SKA128 15264.5 -19729.3 24.9449
   180	74 SKA010 3657.26 30471.9 30.6906
   181	186 SKA122 -28962.8 -10583.9 30.8361
   182	191 SKA127 24341.4 -18999.5 30.8785
   183	188 SKA124 35008.7 -15325.1 38.2161
   184	193 SKA129 -31565.3 -21601.1 38.2489
   185	73 SKA009 -2889.22 38237.1 38.3461
   186	184 SKA120 46681.3 -7623.35 47.2997
   187	71 SKA007 -15053.9 45035 47.4844
   188	194 SKA130 -34889.6 -36401.6 50.4218
   189	85 SKA021 58014.9 5460.53 58.2713
   190	70 SKA006 -31696.5 49459.1 58.7441
   191	195 SKA131 -26558.2 -52838.5 59.1375
   192	75 SKA011 68374.1 24226.2 72.5391
   193	69 SKA005 -53018.1 49673.4 72.6524
   194	196 SKA132 -16172.5 -71111.5 72.9273
   195	68 SKA004 74534.5 50137.2 89.8283
   196	72 SKA008 -78700.7 43404.4 89.8763
   197	197 SKA133 2373.8 -90326.8 90.358
