Freq 0
49.92 1660.15
58.88 1644.58
69.12 1587.5
79.36 1524.39
88.32 1471.28
89.6 1460.64
99.84 1365.02
108.8 1248.28
119.04 1101.68
129.28 978.176
139.52 874.241
149.76 776.992
154.88 713.572
160 637.148
168.96 542.182
179.2 465.506
185.6 436.289
189.44 424.727
199.68 395.035
209.92 355.663
216.32 321.763
218.88 310.794
229.12 265.83
239.36 247.8
249.6 239.797
259.84 233.686
268.8 228.098
279.04 211.528
289.28 193.677
299.52 171.304
309.76 166.99
320 168.233
328.96 158.272
339.2 149.846
349.44 138.383
