ID	Az	Zen	Freq	Pol	LST		Unixtime	GPStime		sensitivity	Tsys	Aeff	Trec	Tantenna
32586	0	0	49.92	X	8.96178877	1578506400	1262541617	0.18040457	6512.26	1174.8417	1384.25	5128.01	0		msok	version0.00
32587	0	0	58.88	X	8.96178877	1578506400	1262541617	0.33966208	3430.28	1165.1353	97.52	3332.76	0		msok	version0.00
32588	0	0	69.12	X	8.96178877	1578506400	1262541617	0.49673638	2267.32	1126.2599	52.54	2214.78	0		msok	version0.00
32589	0	0	79.36	X	8.96178877	1578506400	1262541617	0.669182	1613.24	1079.548	44.38	1568.86	0		msok	version0.00
32590	0	0	88.32	X	8.96178877	1578506400	1262541617	0.82861006	1254.59	1039.5676	44.38	1210.22	0		msok	version0.00
32591	0	0	89.6	X	8.96178877	1578506400	1262541617	0.85059571	1212.77	1031.5789	44.38	1168.4	0		msok	version0.00
32592	0	0	99.84	X	8.96178877	1578506400	1262541617	1.02858138	935	961.7238	39.44	895.56	0		msok	version0.00
32593	0	0	108.8	X	8.96178877	1578506400	1262541617	1.15687299	761.69	881.1833	39.44	722.26	0		msok	version0.00
32594	0	0	119.04	X	8.96178877	1578506400	1262541617	1.24580348	628.05	782.4283	39.44	588.61	0		msok	version0.00
32595	0	0	129.28	X	8.96178877	1578506400	1262541617	1.32155907	526.31	695.5552	42.36	483.96	0		msok	version0.00
32596	0	0	139.52	X	8.96178877	1578506400	1262541617	1.41162276	444.37	627.2791	42.36	402.01	0		msok	version0.00
32597	0	0	149.76	X	8.96178877	1578506400	1262541617	1.41472745	391.3	553.577	42.36	348.94	0		msok	version0.00
32598	0	0	154.88	X	8.96178877	1578506400	1262541617	1.37308288	367.97	505.2563	42.45	325.52	0		msok	version0.00
32599	0	0	160	X	8.96178877	1578506400	1262541617	1.34025741	335.5	449.6553	42.45	293.05	0		msok	version0.00
32600	0	0	168.96	X	8.96178877	1578506400	1262541617	1.299191	297.5	386.512	42.45	255.05	0		msok	version0.00
32601	0	0	179.2	X	8.96178877	1578506400	1262541617	1.28030241	260.07	332.9716	42.45	217.62	0		msok	version0.00
32602	0	0	185.6	X	8.96178877	1578506400	1262541617	1.27704799	245.41	313.4037	43.53	201.88	0		msok	version0.00
32603	0	0	189.44	X	8.96178877	1578506400	1262541617	1.28763878	236.38	304.3775	43.53	192.85	0		msok	version0.00
32604	0	0	199.68	X	8.96178877	1578506400	1262541617	1.34921312	206.67	278.8414	43.53	163.13	0		msok	version0.00
32605	0	0	209.92	X	8.96178877	1578506400	1262541617	1.32985544	190.39	253.185	43.53	146.85	0		msok	version0.00
32606	0	0	216.32	X	8.96178877	1578506400	1262541617	1.26315141	180.19	227.6031	46.34	133.85	0		msok	version0.00
32607	0	0	218.88	X	8.96178877	1578506400	1262541617	1.24455321	175.98	219.0157	46.34	129.64	0		msok	version0.00
32608	0	0	229.12	X	8.96178877	1578506400	1262541617	1.12996602	164.42	185.7847	44.78	119.63	0		msok	version0.00
32609	0	0	239.36	X	8.96178877	1578506400	1262541617	1.14789593	151.77	174.2163	44.78	106.99	0		msok	version0.00
32610	0	0	249.6	X	8.96178877	1578506400	1262541617	1.22761405	138.96	170.585	44.78	94.17	0		msok	version0.00
32611	0	0	259.84	X	8.96178877	1578506400	1262541617	1.21308875	134.1	162.6759	50.57	83.53	0		msok	version0.00
32612	0	0	268.8	X	8.96178877	1578506400	1262541617	1.2738694	125.17	159.444	50.57	74.6	0		msok	version0.00
32613	0	0	279.04	X	8.96178877	1578506400	1262541617	1.26770294	117.86	149.4092	50.57	67.29	0		msok	version0.00
32614	0	0	289.28	X	8.96178877	1578506400	1262541617	1.20473242	112.51	135.5475	50.57	61.94	0		msok	version0.00
32615	0	0	299.52	X	8.96178877	1578506400	1262541617	1.1155231	108.93	121.5088	50.57	58.36	0		msok	version0.00
32616	0	0	309.76	X	8.96178877	1578506400	1262541617	1.13656449	104.02	118.2267	50.57	53.45	0		msok	version0.00
32617	0	0	320	X	8.96178877	1578506400	1262541617	1.1900574	99.55	118.47	49.09	50.46	0		msok	version0.00
32618	0	0	328.96	X	8.96178877	1578506400	1262541617	1.15501893	96.8	111.8006	49.09	47.7	0		msok	version0.00
32619	0	0	339.2	X	8.96178877	1578506400	1262541617	1.1652739	91.91	107.0984	49.09	42.82	0		msok	version0.00
32620	0	0	349.44	X	8.96178877	1578506400	1262541617	1.07551765	91.36	98.2555	52.31	39.05	0		msok	version0.00
103846	0	0	49.92	Y	10.4658958	1578511800	1262547017	0.20029318	5856.21	1172.9597	1384.25	4471.96	0		msok	version0.00
103847	0	0	58.88	Y	10.4658958	1578511800	1262547017	0.38034123	3051.59	1160.645	97.52	2954.07	0		msok	version0.00
103848	0	0	69.12	Y	10.4658958	1578511800	1262547017	0.54922444	2037.03	1118.7859	52.54	1984.49	0		msok	version0.00
103849	0	0	79.36	Y	10.4658958	1578511800	1262547017	0.73681855	1460.68	1076.2584	44.38	1416.31	0		msok	version0.00
103850	0	0	88.32	Y	10.4658958	1578511800	1262547017	0.90944141	1144.81	1041.1399	44.38	1100.44	0		msok	version0.00
103851	0	0	89.6	Y	10.4658958	1578511800	1262547017	0.93371964	1107.48	1034.079	44.38	1063.11	0		msok	version0.00
103852	0	0	99.84	Y	10.4658958	1578511800	1262547017	1.11485672	868.89	968.6931	39.44	829.46	0		msok	version0.00
103853	0	0	108.8	Y	10.4658958	1578511800	1262547017	1.22230411	723.35	884.1555	39.44	683.91	0		msok	version0.00
103854	0	0	119.04	Y	10.4658958	1578511800	1262547017	1.27898622	606.39	775.5651	39.44	566.95	0		msok	version0.00
103855	0	0	129.28	Y	10.4658958	1578511800	1262547017	1.31293344	523.84	687.7727	42.36	481.49	0		msok	version0.00
103856	0	0	139.52	Y	10.4658958	1578511800	1262547017	1.36414397	446.4	608.9484	42.36	404.04	0		msok	version0.00
103857	0	0	149.76	Y	10.4658958	1578511800	1262547017	1.39709747	390.26	545.2243	42.36	347.9	0		msok	version0.00
103858	0	0	154.88	Y	10.4658958	1578511800	1262547017	1.36311078	369.66	503.8865	42.45	327.21	0		msok	version0.00
103859	0	0	160	Y	10.4658958	1578511800	1262547017	1.26618242	356.51	451.4069	42.45	314.06	0		msok	version0.00
103860	0	0	168.96	Y	10.4658958	1578511800	1262547017	1.1744523	323.74	380.2227	42.45	281.29	0		msok	version0.00
103861	0	0	179.2	Y	10.4658958	1578511800	1262547017	1.13873351	285.68	325.3082	42.45	243.23	0		msok	version0.00
103862	0	0	185.6	Y	10.4658958	1578511800	1262547017	1.16108787	261.41	303.5223	43.53	217.88	0		msok	version0.00
103863	0	0	189.44	Y	10.4658958	1578511800	1262547017	1.19751227	247.36	296.2211	43.53	203.83	0		msok	version0.00
103864	0	0	199.68	Y	10.4658958	1578511800	1262547017	1.23301589	226.94	279.8209	43.53	183.41	0		msok	version0.00
103865	0	0	209.92	Y	10.4658958	1578511800	1262547017	1.19979692	208.19	249.7868	43.53	164.66	0		msok	version0.00
103866	0	0	216.32	Y	10.4658958	1578511800	1262547017	1.14376247	198.85	227.438	46.34	152.51	0		msok	version0.00
103867	0	0	218.88	Y	10.4658958	1578511800	1262547017	1.13938665	193.53	220.5108	46.34	147.2	0		msok	version0.00
103868	0	0	229.12	Y	10.4658958	1578511800	1262547017	1.09601688	173.47	190.1303	44.78	128.69	0		msok	version0.00
103869	0	0	239.36	Y	10.4658958	1578511800	1262547017	1.11151266	158.54	176.22	44.78	113.76	0		msok	version0.00
103870	0	0	249.6	Y	10.4658958	1578511800	1262547017	1.1444006	147.27	168.5333	44.78	102.48	0		msok	version0.00
103871	0	0	259.84	Y	10.4658958	1578511800	1262547017	1.15749431	144.94	167.7663	50.57	94.37	0		msok	version0.00
103872	0	0	268.8	Y	10.4658958	1578511800	1262547017	1.1948204	136.52	163.1149	50.57	85.95	0		msok	version0.00
103873	0	0	279.04	Y	10.4658958	1578511800	1262547017	1.15879416	129.22	149.736	50.57	78.65	0		msok	version0.00
103874	0	0	289.28	Y	10.4658958	1578511800	1262547017	1.1377691	121.59	138.3396	50.57	71.02	0		msok	version0.00
103875	0	0	299.52	Y	10.4658958	1578511800	1262547017	1.04293859	115.78	120.7503	50.57	65.21	0		msok	version0.00
103876	0	0	309.76	Y	10.4658958	1578511800	1262547017	1.06824398	110.4	117.9325	50.57	59.83	0		msok	version0.00
103877	0	0	320	Y	10.4658958	1578511800	1262547017	1.1537199	103.53	119.4458	49.09	54.44	0		msok	version0.00
103878	0	0	328.96	Y	10.4658958	1578511800	1262547017	1.11732638	100.27	112.029	49.09	51.17	0		msok	version0.00
103879	0	0	339.2	Y	10.4658958	1578511800	1262547017	1.075647	97.43	104.8039	49.09	48.34	0		msok	version0.00
103880	0	0	349.44	Y	10.4658958	1578511800	1262547017	1.00086343	97.36	97.4463	52.31	45.06	0		msok	version0.00
