Number Label Degrees_Longitude Degrees_Latitude
0       ArrayCentre     116.764448      -26.824722 # This is just a copy of previous phase centre, not confirmed
     1	C1 116.7656960036497 -26.826161995090644
     2	C2 116.76362100342178 -26.82364599911411
     3	C3 116.76515599885309 -26.825151999133237
     4	C4 116.76310300493566 -26.825225999056972
     5	C5 116.7644630000283 -26.824671997364533
     6	C6 116.76412999765685 -26.82292300237027
     7	C7 116.7647819980899 -26.823524004548936
     8	C8 116.76453899576946 -26.82518500332826
     9	C9 116.76557399819416 -26.824119998993613
    10	C10 116.76260299959542 -26.824215997108194
    11	C11 116.76307299476848 -26.82427799982674
    12	C12 116.7660710006574 -26.823448999212097
    13	C13 116.76443400212432 -26.825672003139946
    14	C14 116.76490399803326 -26.82546400336763
    15	C15 116.76389999714904 -26.82465300165623
    16	C16 116.76230600116774 -26.824676995320672
    17	C17 116.76526300441162 -26.823809001966815
    18	C18 116.7660330002459 -26.824061999309478
    19	C19 116.7640200014881 -26.825349004249045
    20	C20 116.76482161602338 -26.824889654536673
    21	C21 116.76612999737178 -26.8245689989642
    22	C22 116.76640800213248 -26.825230996432524
    23	C23 116.76534184656683 -26.825841085463416
    24	C24 116.76384900079093 -26.823296000057823
    25	C25 116.76570900325149 -26.823251997414896
    26	C26 116.76349900163633 -26.8230610014984
    27	C27 116.76448000182934 -26.823156004026853
    28	C28 116.76474299715561 -26.826381998105543
    29	C29 116.76391899778093 -26.825817997907993
    30	C30 116.76520600180125 -26.82338099760515
    31	C31 116.76557999651828 -26.825488996852613
    32	C32 116.7651410051717 -26.82266700245449
    33	C33 116.7637740045212 -26.82626300081821
    34	C34 116.7664879975271 -26.82408700209015
    35	C35 116.76357299970876 -26.825397004503255
    36	C36 116.76300399899121 -26.825801995377
    37	C37 116.76518799830242 -26.8246259997339
    38	C38 116.76307599698531 -26.824828001636615
    39	C39 116.76519900127033 -26.826415999397035
    40	C40 116.76223299455874 -26.824029003993445
    41	C41 116.76341800253327 -26.824586999929018
    42	C42 116.76659600303566 -26.82445800109951
    43	C43 116.76232799679833 -26.825319998269045
    44	C44 116.76512800064462 -26.824240001310155
    45	C45 116.76374900326256 -26.82664299813657
    46	C46 116.76264000015976 -26.823743998733587
    47	C47 116.76610799676554 -26.8259030000907
    48	C48 116.7626090015412 -26.82497699735443
    49	C49 116.7645829968488 -26.82273399883496
    50	C50 116.76646999625845 -26.825695999347573
    51	C51 116.76496500415696 -26.823019997277065
    52	C52 116.76421799839316 -26.826148001450168
    53	C53 116.76324100232812 -26.823876997119264
    54	C54 116.7657190027459 -26.824477002138003
    55	C55 116.76673099985695 -26.824877998520922
    56	C56 116.76273100421881 -26.825512003255646
    57	C57 116.76489799644591 -26.8259290022946
    58	C58 116.7634099987981 -26.825983999562766
    59	C59 116.76418620493939 -26.82495821803488
    60	C60 116.76596600267328 -26.825102996559718
    61	C61 116.76298399628598 -26.82624999662313
    62	C62 116.76334499938913 -26.826458000711963
    63	C63 116.7635750035365 -26.824993999532364
    64	C64 116.76307400215421 -26.823213003351835
    65	C65 116.76374899514492 -26.822702001521094
    66	C66 116.76435400551135 -26.82669900113698
    67	C67 116.76273899783646 -26.82457799911729
    68	C68 116.76563800022107 -26.822844004864795
    69	C69 116.76572999607217 -26.823696997343482
    70	C70 116.76421100487327 -26.823497999520594
    71	C71 116.76607200312226 -26.825513999092756
    72	C72 116.76640199618686 -26.823694000061998
    73	C73 116.76489200312785 -26.82674100399546
    74	C74 116.76244699976534 -26.825796998515713
    75	C75 116.76558300041076 -26.82493400309613
    76	C76 116.76667200418524 -26.826382997855458
    77	C77 116.76673199824866 -26.826764002621648
    78	C78 116.76229000106389 -26.822298996816944
    79	C79 116.76545934273118 -26.826896920703287
    80	C80 116.76122600245066 -26.823723995940192
    81	C81 116.76536000430872 -26.827717998601727
    82	C82 116.76293200431395 -26.82694300314843
    83	C83 116.76768700528568 -26.8232879965145
    84	C84 116.7625640031603 -26.8266930024904
    85	C85 116.76674599842562 -26.822919997728853
    86	C86 116.7634750029262 -26.82719399970057
    87	C87 116.76181200490231 -26.825571999553848
    88	C88 116.76502367249545 -26.827273080529515
    89	C89 116.76276399743482 -26.82259099727801
    90	C90 116.76111700381644 -26.82415200159378
    91	C91 116.7625559982167 -26.82717300364506
    92	C92 116.76136899519908 -26.824535002941168
    93	C93 116.76307799880757 -26.82180899919983
    94	C94 116.76765600297891 -26.826014996948203
    95	C95 116.76176700333953 -26.824156004554506
    96	C96 116.7615059950454 -26.8230710014718
    97	C97 116.76553200351589 -26.822438003820377
    98	C98 116.76748599585223 -26.824196999637003
    99	C99 116.76544669153424 -26.82734414624726
   100	C100 116.76571700360802 -26.826545003302503
   101	C101 116.7637150046033 -26.82186099546435
   102	C102 116.76327199617619 -26.822482996984917
   103	C103 116.76724399997174 -26.82577800077683
   104	C104 116.76637899610455 -26.822244003698835
   105	C105 116.76395700541937 -26.82233699915482
   106	C106 116.7617890042224 -26.822715997167673
   107	C107 116.76723200044819 -26.8237359971428
   108	C108 116.76195500418221 -26.825102003647153
   109	C109 116.7659829971831 -26.82207200131336
   110	C110 116.76506899979096 -26.822023997880702
   111	C111 116.76237499632948 -26.826187001823723
   112	C112 116.7645690011831 -26.82726599564422
   113	C113 116.76321199896769 -26.827541998159315
   114	C114 116.7619310027371 -26.823223996372704
   115	C115 116.76127200034232 -26.82592899915696
   116	C116 116.76258100231165 -26.82335100360262
   117	C117 116.76624400426911 -26.82641400056106
   118	C118 116.76421300553883 -26.821626996532483
   119	C119 116.76702400459624 -26.82321699681141
   120	C120 116.76689500204354 -26.82544000299117
   121	C121 116.7617879972758 -26.823596996256672
   122	C122 116.76459599938141 -26.822007998434927
   123	C123 116.76648499984597 -26.823242003005248
   124	C124 116.7676790038693 -26.824832996588885
   125	C125 116.76214299893967 -26.826809001363852
   126	C126 116.76728000137832 -26.826377001730844
   127	C127 116.7616700054531 -26.82676599604184
   128	C128 116.7619850004735 -26.826451999944783
   129	C129 116.76133199983211 -26.825510996005363
   130	C130 116.76398699783641 -26.827542001747645
   131	C131 116.76701499944943 -26.82409699876914
   132	C132 116.76639200173253 -26.827007001913245
   133	C133 116.76716199738676 -26.82270299892107
   134	C134 116.76550800343354 -26.821889998505664
   135	C135 116.7612429995451 -26.825126003494784
   136	C136 116.7679579981808 -26.82542399940469
   137	C137 116.76237400131424 -26.82276599783374
   138	C138 116.76474799488143 -26.8215059983066
   139	C139 116.76293300227972 -26.822242002259365
   140	C140 116.76196799864931 -26.826063996021304
   141	C141 116.76715899708078 -26.826794997381175
   142	C142 116.76419200031549 -26.82708799771316
   143	C143 116.76668092555774 -26.827395075629703
   144	C144 116.76784799731522 -26.824394999092593
   145	C145 116.76696999481986 -26.826075002783796
   146	C146 116.76643599851704 -26.822620001916555
   147	C147 116.7673229975502 -26.824621002934478
   148	C148 116.76440200014129 -26.822367996066227
   149	C149 116.76679499678544 -26.822393998690973
   150	C150 116.76681300291735 -26.823601997491142
   151	C151 116.76088900226763 -26.82448000205845
   152	C152 116.76077199988543 -26.82561299649849
   153	C153 116.76923599641442 -26.825371004606613
   154	C154 116.76004200088532 -26.82595099857767
   155	C155 116.765147999368 -26.820641001359515
   156	C156 116.76544700482562 -26.82851000209342
   157	C157 116.7625150002624 -26.828291996655263
   158	C158 116.76397799942607 -26.828377996649426
   159	C159 116.76891899734868 -26.826198001598172
   160	C160 116.76050699927464 -26.826649999175885
   161	C161 116.76396599801406 -26.82043000077258
   162	C162 116.76150100547775 -26.822425995401627
   163	C163 116.76813587820071 -26.82698052920831
   164	C164 116.76684999622296 -26.82813499935124
   165	C165 116.76920800430457 -26.824568996022574
   166	C166 116.7654689957254 -26.820938002644578
   167	C167 116.76614299692085 -26.82772200338793
   168	C168 116.76060200111488 -26.823585000144316
   169	C169 116.76825300087371 -26.826091998149074
   170	C170 116.76046299498448 -26.823187995449352
   171	C171 116.76644700492663 -26.82799100305915
   172	C172 116.76601699901371 -26.828196997358344
   173	C173 116.76457300407559 -26.829053996667053
   174	C174 116.76766763068485 -26.826986363046203
   175	C175 116.76245899924437 -26.821026999454325
   176	C176 116.76088499984134 -26.822652002588494
   177	C177 116.76328699612452 -26.828460999560534
   178	C178 116.7607349963934 -26.824899001853773
   179	C179 116.76447699889749 -26.820874995753545
   180	C180 116.76816899663606 -26.823368998550563
   181	C181 116.76822999581213 -26.824058996328
   182	C182 116.76094200273332 -26.823258995083485
   183	C183 116.7671090021194 -26.82110399627194
   184	C184 116.7620160053449 -26.828384001148006
   185	C185 116.76151399985072 -26.827144995730343
   186	C186 116.7606780039938 -26.824085999914434
   187	C187 116.76838900012095 -26.82562700418412
   188	C188 116.7687779974474 -26.824699996855767
   189	C189 116.76855700528263 -26.823208000448354
   190	C190 116.76907999610727 -26.82405800223847
   191	C191 116.76493499696596 -26.828164000670203
   192	C192 116.76105200428304 -26.827533997377362
   193	C193 116.76360599855742 -26.82064899791159
   194	C194 116.7619800022635 -26.82774100196081
   195	C195 116.76684099743954 -26.821404998871813
   196	C196 116.76743599964101 -26.82199400416484
   197	C197 116.76455300506264 -26.82798400005703
   198	C198 116.76879699896666 -26.825314002685417
   199	C199 116.76057699780306 -26.822271000239066
   200	C200 116.76732199925372 -26.825360999680694
   201	C201 116.76325800222857 -26.828950003333517
   202	C202 116.76360400374908 -26.82802599973383
   203	C203 116.7597500024639 -26.824688000999117
   204	C204 116.76541300255496 -26.82890899927767
   205	C205 116.76036900276438 -26.824565997359024
   206	C206 116.76550800390227 -26.82811299983135
   207	C207 116.76617600067942 -26.82039499885767
   208	C208 116.76570199822389 -26.820248002909352
   209	C209 116.76623700002062 -26.82094099771358
   210	C210 116.76583599828167 -26.821148998942448
   211	C211 116.76584499734491 -26.82066300365956
   212	C212 116.76707800183988 -26.820712999084513
   213	C213 116.75946400230919 -26.82552000403989
   214	C214 116.7602739966026 -26.825540004843386
   215	C215 116.75960000488905 -26.825051000858373
   216	C216 116.75940200176024 -26.82601500031781
   217	C217 116.75908600344793 -26.825730002265573
   218	C218 116.75995100041945 -26.825284999452993
   219	C219 116.7681090046608 -26.828260003890623
   220	C220 116.76768400166009 -26.828046995230036
   221	C221 116.76789132663711 -26.827441146437923
   222	C222 116.76732700218781 -26.82826699960724
   223	C223 116.76805500443477 -26.827828999222106
   224	C224 116.76722399892469 -26.82788299909582
   225	E1-1 116.76252600462921 -26.819528000516872
   226	E1-2 116.76207899766898 -26.819299995418987
   227	E1-3 116.76249500019895 -26.8190550029259
   228	E1-4 116.76180299763386 -26.819012000667254
   229	E1-5 116.76278800297918 -26.818756000599166
   230	E1-6 116.76212299701587 -26.818444998702905
   231	E2-1 116.75660000236184 -26.820537002674875
   232	E2-2 116.75609699966375 -26.820187996158193
   233	E2-3 116.75739199712547 -26.8200469983855
   234	E2-4 116.7567190040093 -26.820034999630035
   235	E2-5 116.75621799545596 -26.8197189971365
   236	E2-6 116.75703800493012 -26.819671001678763
   237	E3-1 116.75138699874452 -26.825915996065213
   238	E3-2 116.75183500104515 -26.825860000494696
   239	E3-3 116.75089499453316 -26.825564002083947
   240	E3-4 116.75174700273095 -26.82542699798826
   241	E3-5 116.75131299827315 -26.825377995262464
   242	E3-6 116.75143499792647 -26.825013998116415
   243	E4-1 116.75027500399155 -26.835686001272048
   244	E4-2 116.75073500235632 -26.835593003713132
   245	E4-3 116.75078499899097 -26.835166997752758
   246	E4-4 116.75124300389706 -26.835086996419005
   247	E4-5 116.75012399761107 -26.834984001761647
   248	E4-6 116.75049199448151 -26.834565003683633
   249	N1-1 116.75944263624159 -26.829551683062228
   250	N1-2 116.76022108408742 -26.829650343449636
   251	N1-3 116.76064308911205 -26.829533349902295
   252	N1-4 116.75974472495159 -26.829165250465913
   253	N1-5 116.76040009262253 -26.829214349591293
   254	N1-6 116.7595199496508 -26.82860207851651
   255	N2-1 116.76416999668086 -26.833447002849425
   256	N2-2 116.76326999595761 -26.833473001470555
   257	N2-3 116.763678005281 -26.833282002917045
   258	N2-4 116.76327600230131 -26.83307700095724
   259	N2-5 116.76416299619245 -26.832925002264936
   260	N2-6 116.76363799809447 -26.832798003410282
   261	N3-1 116.77207499720681 -26.834809000076067
   262	N3-2 116.7715930017021 -26.834840004013845
   263	N3-3 116.77112599513366 -26.834603995835987
   264	N3-4 116.77180399851565 -26.834474995544635
   265	N3-5 116.77122899828663 -26.83416100358395
   266	N3-6 116.77184399554343 -26.833951996617635
   267	N4-1 116.78144724652752 -26.830553306315114
   268	N4-2 116.78111724997895 -26.830227308954807
   269	N4-3 116.78168524521635 -26.83012031065855
   270	N4-4 116.78090925447266 -26.82983131008526
   271	N4-5 116.78166625600419 -26.82971530473503
   272	N4-6 116.7812172582846 -26.82939830617413
   273	S1-1 116.7711648758283 -26.826283803978104
   274	S1-2 116.77078187989486 -26.82598080143415
   275	S1-3 116.77035087788715 -26.825909804615364
   276	S1-4 116.77119988157455 -26.82588580897995
   277	S1-5 116.77090688521108 -26.825447809532932
   278	S1-6 116.77134689390613 -26.82536280196309
   279	S2-1 116.77368235947267 -26.82122116368836
   280	S2-2 116.7728229308888 -26.821797475308088
   281	S2-3 116.77235524730612 -26.821472391951342
   282	S2-4 116.77193229040557 -26.820537421709865
   283	S2-5 116.77326000303944 -26.82083400163041
   284	S2-6 116.77311125717102 -26.820360185547923
   285	S3-1 116.77075999674102 -26.814775000134517
   286	S3-2 116.77036899663423 -26.814329003296923
   287	S3-3 116.76974800329532 -26.814245001927997
   288	S3-4 116.7709249961114 -26.814187998655648
   289	S3-5 116.76996599902044 -26.81388099953622
   290	S3-6 116.77048199818971 -26.813774999432844
   291	S4-1 116.76149599785272 -26.80923599853337
   292	S4-2 116.76089500391421 -26.80915600090967
   293	S4-3 116.76183899910998 -26.808955004020767
   294	S4-4 116.7612919997705 -26.808749995948364
   295	S4-5 116.76151999509881 -26.808414003452217
   296	S4-6 116.76087599684699 -26.80839800163363
   297	E5-1 116.75873299777373 -26.84401900296758
   298	E5-2 116.75937600347662 -26.843695000158508
   299	E5-3 116.75869599960582 -26.84362899727907
   300	E5-4 116.75820899578035 -26.843492003097975
   301	E5-5 116.75909900148136 -26.843252002638057
   302	E5-6 116.75876400283846 -26.842900998898653
   303	E6-1 116.77132187164847 -26.84959693873897
   304	E6-2 116.77178486842303 -26.84944393610874
   305	E6-3 116.77140787052323 -26.849157224380505
   306	E6-4 116.7721079539247 -26.84906337178459
   307	E6-5 116.77094987697608 -26.848960225542278
   308	E6-6 116.7718369617708 -26.848729376867237
   309	E7-1 116.79102354419622 -26.848613213770406
   310	E7-2 116.79138465115008 -26.848342595345063
   311	E7-3 116.7907504618834 -26.848225702199525
   312	E7-4 116.7918381298538 -26.84840669050343
   313	E7-5 116.7906929188374 -26.84780328805647
   314	E7-6 116.79118492706834 -26.847861275678188
   315	E8-1 116.81134023935775 -26.83637559719544
   316	E8-2 116.81194123817286 -26.836165602527494
   317	E8-3 116.8108362410226 -26.83608859464918
   318	E8-4 116.81180124192456 -26.83573859902738
   319	E8-5 116.81134423778947 -26.835693604902858
   320	E8-6 116.81078624161243 -26.835621595605012
   321	E9-1 116.82607954215383 -26.81040684530738
   322	E9-2 116.82650455270277 -26.810088839292522
   323	E9-3 116.82604555323975 -26.809904846667877
   324	E9-4 116.82696299135857 -26.809847834451638
   325	E9-5 116.82654703332284 -26.8105266353026
   326	E9-6 116.82698541457641 -26.810302200793274
   327	S5-1 116.74912000146927 -26.81159800012708
   328	S5-2 116.74903699735304 -26.81110899847059
   329	S5-3 116.74976000099318 -26.810899004744314
   330	S5-4 116.74858699766021 -26.810859998711265
   331	S5-5 116.74930899960346 -26.810793996575455
   332	S5-6 116.74882899466712 -26.810535996914272
   333	S6-1 116.73691999716472 -26.81854900249324
   334	S6-2 116.73752200174425 -26.818558002275097
   335	S6-3 116.73722200168554 -26.818276000774066
   336	S6-4 116.7377140039425 -26.817976002447757
   337	S6-5 116.73673599775135 -26.817943001386947
   338	S6-6 116.73727100036173 -26.817759998125428
   339	S7-1 116.72862089409972 -26.833788574888583
   340	S7-2 116.72808089888053 -26.83348357628653
   341	S7-3 116.72903090239407 -26.83341657274524
   342	S7-4 116.7286249018144 -26.833179575463404
   343	S7-5 116.72890390033952 -26.83286757114761
   344	S7-6 116.72815089405859 -26.832805570539264
   345	S8-1 116.72963900443564 -26.85615300038577
   346	S8-2 116.73007800058313 -26.856129001047204
   347	S8-3 116.7305019991986 -26.8557899958275
   348	S8-4 116.73011800543422 -26.855580997975036
   349	S8-5 116.72968099856834 -26.855454998093354
   350	S8-6 116.73002399992266 -26.85510899563666
   351	S9-1 116.74835617906979 -26.88090826069365
   352	S9-2 116.7473328127851 -26.88076247209192
   353	S9-3 116.74787181414833 -26.880491472394755
   354	S9-4 116.74722981174335 -26.880355472906196
   355	S9-5 116.7484576922291 -26.880392948003298
   356	S9-6 116.74748981101868 -26.880023474027332
   357	N5-1 116.78501606857665 -26.820422026079783
   358	N5-2 116.78550506556643 -26.82032602454573
   359	N5-3 116.7847610755002 -26.820067023874394
   360	N5-4 116.78522206740331 -26.819922026628284
   361	N5-5 116.78580707107591 -26.819699026292795
   362	N5-6 116.78515907457684 -26.81954202670592
   363	N6-1 116.78428037080516 -26.806862057392323
   364	N6-2 116.7849533659083 -26.806839055540284
   365	N6-3 116.78452637301942 -26.806485055052303
   366	N6-4 116.78408337259728 -26.80645605680625
   367	N6-5 116.7849843670921 -26.80641205821672
   368	N6-6 116.78461137781412 -26.806010052554125
   369	N7-1 116.7739389982598 -26.792908999010855
   370	N7-2 116.77350600144314 -26.792729003942
   371	N7-3 116.77441699621684 -26.792804999757063
   372	N7-4 116.77465900369562 -26.792470000496895
   373	N7-5 116.77423000262662 -26.79232500066392
   374	N7-6 116.7738210036204 -26.792195001258527
   375	N8-1 116.75151299747091 -26.7829760007418
   376	N8-2 116.75235199759842 -26.782669000133914
   377	N8-3 116.75128799491587 -26.782608999611238
   378	N8-4 116.7517839979991 -26.782449002973934
   379	N8-5 116.7513970011505 -26.78223100063784
   380	N8-6 116.75212200375454 -26.78209800337045
   381	N9-1 116.71937600060993 -26.784570001803917
   382	N9-2 116.71968200078916 -26.7842639983994
   383	N9-3 116.71877400339925 -26.784202996907712
   384	N9-4 116.71925200070436 -26.78408799706643
   385	N9-5 116.71952399882652 -26.783715998238627
   386	N9-6 116.71889900340784 -26.783682002959292
   387	E10-1 116.83472499841898 -26.861833997958094
   388	E10-2 116.83428000044488 -26.86164399971915
   389	E10-3 116.83538200336561 -26.861594003804015
   390	E10-4 116.8347550046588 -26.861253999028815
   391	E10-5 116.83441699956128 -26.860904001323064
   392	E10-6 116.83525000108219 -26.86085500028459
   393	E11-1 116.86417400325671 -26.858850003557432
   394	E11-2 116.86354999778817 -26.858757995576497
   395	E11-3 116.8638139963765 -26.858342999307737
   396	E11-4 116.86458370220046 -26.85835912356364
   397	E11-5 116.86357599725986 -26.858013003387352
   398	E11-6 116.8642327037694 -26.857996119669874
   399	E12-1 116.85980799583753 -26.912269001926052
   400	E12-2 116.85931499665936 -26.911944002352822
   401	E12-3 116.85867000265435 -26.911880003923695
   402	E12-4 116.85971799937106 -26.911682002416036
   403	E12-5 116.85927499915083 -26.911500996794665
   404	E12-6 116.85881199644687 -26.911492002493265
   405	E13-1 116.93895100426131 -26.812287004127313
   406	E13-2 116.93801500084317 -26.812258996242765
   407	E13-3 116.93851899625923 -26.81215099643827
   408	E13-4 116.93803600051189 -26.811852996889172
   409	E13-5 116.93879000077193 -26.81180800017039
   410	E13-6 116.93844800114701 -26.81158199562198
   411	E14-1 116.99324000547047 -26.786007997686447
   412	E14-2 116.99261600197994 -26.78560099928212
   413	E14-3 116.99303743159554 -26.78556433632519
   414	E14-4 116.99370199950987 -26.78541199622521
   415	E14-5 116.99288800138942 -26.78504199974999
   416	E14-6 116.99356628920006 -26.785052884880795
   417	E15-1 117.04800599702405 -26.89278699845173
   418	E15-2 117.04719800463563 -26.89252000220876
   419	E15-3 117.04845885771061 -26.892319688263832
   420	E15-4 117.04771799567058 -26.892111999728968
   421	E15-5 117.04816000106928 -26.892050996091285
   422	E15-6 117.04722000084908 -26.89204600451051
   423	E16-1 117.1952369987089 -26.952418000835863
   424	E16-2 117.19473400391318 -26.95223700406604
   425	E16-3 117.19593399695523 -26.95214500192857
   426	E16-4 117.19497000485833 -26.95187900002381
   427	E16-5 117.1954140022014 -26.95176900383883
   428	E16-6 117.1949809989987 -26.951499999208792
   429	S10-1 116.69373178704797 -26.864086111548048
   430	S10-2 116.6939357861659 -26.8637111041713
   431	S10-3 116.69438579319373 -26.86367510517231
   432	S10-4 116.69356079254769 -26.863506107960117
   433	S10-5 116.6939987968453 -26.863194113121587
   434	S10-6 116.69343679226853 -26.863120106264542
   435	S11-1 116.66633540955682 -26.899811837042556
   436	S11-2 116.66676849998449 -26.899785773567224
   437	S11-3 116.66699107313987 -26.899434181795
   438	S11-4 116.66565169040022 -26.89945627076113
   439	S11-5 116.6662361478924 -26.899322223532575
   440	S11-6 116.66666966350155 -26.898996338483116
   441	S12-1 116.62186399669517 -26.86556299711588
   442	S12-2 116.62126700458491 -26.865405004733
   443	S12-3 116.6208320024514 -26.865256003564383
   444	S12-4 116.62157699755662 -26.865141999648102
   445	S12-5 116.62130300181609 -26.86478000254233
   446	S12-6 116.62174500437112 -26.864643002349617
   447	S13-1 116.65467200212923 -26.949879996771113
   448	S13-2 116.65425099990607 -26.949800001731397
   449	S13-3 116.65466799503432 -26.94946600028033
   450	S13-4 116.65402200032815 -26.949306995396885
   451	S13-5 116.65505700436626 -26.949154003972865
   452	S13-6 116.65439999706606 -26.949117997096558
   453	S14-1 116.6974309966247 -27.012274997015684
   454	S14-2 116.69712100397801 -27.011969997875678
   455	S14-3 116.69764900261448 -27.011832996175574
   456	S14-4 116.69806900241737 -27.011711001129203
   457	S14-5 116.69705200030262 -27.01156600441081
   458	S14-6 116.69762299605777 -27.011219001917837
   459	S15-1 116.50663153660187 -26.94431050200136
   460	S15-2 116.50607455507946 -26.94399949966893
   461	S15-3 116.50662254229552 -26.943907502920258
   462	S15-4 116.50710353963441 -26.94374549800425
   463	S15-5 116.50598355358241 -26.94361450510745
   464	S15-6 116.50540040335927 -26.94383254895967
   465	S16-1 116.47959200386778 -27.05986200128657
   466	S16-2 116.47903799902807 -27.059708997547446
   467	S16-3 116.48004099987004 -27.05960900035604
   468	S16-4 116.47956100426592 -27.05933999674327
   469	S16-5 116.47888299862895 -27.059346000449242
   470	S16-6 116.47932200212843 -27.059024999734532
   471	N10-1 116.76294899728624 -26.751125998343753
   472	N10-2 116.76252300042296 -26.751068999521724
   473	N10-3 116.76213600266216 -26.750902002963073
   474	N10-4 116.76301500188943 -26.75069899810512
   475	N10-5 116.76260500035424 -26.750562996588503
   476	N10-6 116.76228300246542 -26.750274996006745
   477	N11-1 116.80519699518652 -26.722018998664353
   478	N11-2 116.80476499803335 -26.72186999657412
   479	N11-3 116.80526300164128 -26.721612002374705
   480	N11-4 116.8048589968918 -26.721480997503928
   481	N11-5 116.80568200394563 -26.72142600319878
   482	N11-6 116.80514700176535 -26.721005000376316
   483	N12-1 116.72460700000637 -26.713049000606038
   484	N12-2 116.72551700168765 -26.712975001978883
   485	N12-3 116.72499699794183 -26.71277399617613
   486	N12-4 116.72545000254479 -26.712434998328327
   487	N12-5 116.72440900259194 -26.71239800278614
   488	N12-6 116.72502500321596 -26.71235299670735
   489	N13-1 116.67294999795489 -26.693202000934274
   490	N13-2 116.6734130005486 -26.693094999685
   491	N13-3 116.67270000333826 -26.69289399994098
   492	N13-4 116.67317299848624 -26.692669998927478
   493	N13-5 116.67273100042858 -26.692434003815197
   494	N13-6 116.67320501787904 -26.69229140958741
   495	N14-1 116.62579899938913 -26.66171899619056
   496	N14-2 116.6261919991156 -26.66154000300186
   497	N14-3 116.6258610010561 -26.661214000853
   498	N14-4 116.62541900533262 -26.661186002608073
   499	N14-5 116.6261340038375 -26.660853003027466
   500	N14-6 116.62549099566232 -26.660742999158714
   501	N15-1 116.68625900145484 -26.585334001378627
   502	N15-2 116.68685700285472 -26.58516999593682
   503	N15-3 116.68588699634402 -26.58493399824572
   504	N15-4 116.68635700527294 -26.584855000830004
   505	N15-5 116.68673576267351 -26.58468216995783
   506	N15-6 116.68591699732092 -26.584464996603337
   507	N16-1 116.65891300438756 -26.49839499767586
   508	N16-2 116.65968599591808 -26.498144000031036
   509	N16-3 116.65904499903554 -26.4979440006531
   510	N16-4 116.65957699671469 -26.497756001794176
   511	N16-5 116.65863400444893 -26.497698996721137
   512	N16-6 116.65907599680347 -26.49752899618635
