Number Label Degrees_Longitude Degrees_Latitude
     0 Array_Centre 21.443 -30.713      # This is just a copy of previous phase centre, not confirmed
     1	M000 21.44380263 -30.71292499
     2	M001 21.44390058 -30.71260458
     3	M002 21.4435537 -30.71307782
     4	M003 21.44319459 -30.71287977
     5	M004 21.44259852 -30.71333673
     6	M005 21.44282331 -30.71360886
     7	M006 21.44369859 -30.71371986
     8	M007 21.44295373 -30.71468757
     9	M008 21.44291264 -30.71588066
    10	M009 21.44422662 -30.7144019
    11	M010 21.44480843 -30.71567185
    12	M011 21.4447658 -30.71423075
    13	M012 21.4453504 -30.71437675
    14	M013 21.44636051 -30.71460393
    15	M014 21.44681848 -30.71363293
    16	M015 21.44608755 -30.71303186
    17	M016 21.44689663 -30.71273181
    18	M017 21.4459725 -30.71206798
    19	M018 21.44499245 -30.71327292
    20	M019 21.44567154 -30.71362782
    21	M020 21.44490153 -30.71375783
    22	M021 21.44079962 -30.71400673
    23	M022 21.43999565 -30.71105059
    24	M023 21.44052474 -30.7123378
    25	M024 21.44022486 -30.70970194
    26	M025 21.44198952 -30.70902082
    27	M026 21.44285553 -30.71090183
    28	M027 21.44431135 -30.71126399
    29	M028 21.4433547 -30.71184169
    30	M029 21.44296242 -30.71217484
    31	M030 21.44567663 -30.7100279
    32	M031 21.44646243 -30.71020999
    33	M032 21.44870341 -30.70947268
    34	M033 21.44994929 -30.70326382
    35	M034 21.44762358 -30.7113108
    36	M035 21.44791946 -30.71268687
    37	M036 21.44794146 -30.71367769
    38	M037 21.44785832 -30.71519775
    39	M038 21.44611543 -30.71618776
    40	M039 21.44653755 -30.71639578
    41	M040 21.44360854 -30.71747867
    42	M041 21.44088742 -30.71702284
    43	M042 21.44011331 -30.71520686
    44	M043 21.43731466 -30.71221269
    45	M044 21.43453559 -30.70563965
    46	M045 21.42475868 -30.70864847
    47	M046 21.42857583 -30.69525494
    48	M047 21.43785258 -30.71572063
    49	M048 21.41461184 -30.68682077
    50	M049 21.40625285 -30.70711388
    51	M050 21.42246573 -30.7186628
    52	M051 21.43501363 -30.71799369
    53	M052 21.43769673 -30.72141447
    54	M053 21.44398664 -30.72281978
    55	M054 21.45299068 -30.71556277
    56	M055 21.45643247 -30.71018474
    57	M056 21.46057166 -30.70684586
    58	M057 21.44696335 -30.68165594
    59	M058 21.47316707 -30.6868207
    60	M059 21.4823636 -30.70420579
    61	M060 21.4795882 -30.72764887
    62	M061 21.44371759 -30.7320124
    63	M062 21.42884868 -30.73363478
    64	M063 21.40819056 -30.72764891
    65	SKA001 21.449412 -30.71329
    66	SKA002 21.443214 -30.711544
    67	SKA003 21.442342 -30.710966
    68	SKA004 22.22182798 -30.28088087
    69	SKA005 20.89338592 -30.26224096
    70	SKA006 21.1123432 -30.26067171
    71	SKA007 21.28299042 -30.30307255
    72	SKA008 20.596389 -30.308528
    73	SKA009 21.422333 -30.361861
    74	SKA010 21.48118527 -30.43735261
    75	SKA011 22.16226869 -30.5015692
    76	SKA012 21.53695202 -30.49523798
    77	SKA013 21.57663527 -30.56085037
    78	SKA014 21.56819629 -30.6223174
    79	SKA015 21.374214 -30.638584
    80	SKA016 21.32584356 -30.64372728
    81	SKA017 21.4063313 -30.642963
    82	SKA018 21.42589249 -30.65386189
    83	SKA019 21.27685507 -30.65892183
    84	SKA020 21.45176724 -30.65931641
    85	SKA021 22.04672 -30.65899
    86	SKA022 21.57385067 -30.66960267
    87	SKA023 21.46088514 -30.67446849
    88	SKA024 21.46210788 -30.68665739
    89	SKA025 21.23088 -30.68665
    90	SKA026 21.46402731 -30.69234894
    91	SKA027 21.55113077 -30.69497333
    92	SKA028 21.43018 -30.70076
    93	SKA029 21.4344917 -30.701264
    94	SKA030 21.439049 -30.702356
    95	SKA031 21.4215593 -30.702581
    96	SKA032 21.4645868 -30.702805
    97	SKA033 21.4444697 -30.704982
    98	SKA034 21.4135728 -30.706149
    99	SKA035 21.4409894 -30.706517
   100	SKA036 21.4453007 -30.707819
   101	SKA037 21.4622289 -30.708744
   102	SKA038 21.4405906 -30.708913
   103	SKA039 21.4436864 -30.709254
   104	SKA040 21.43507924 -30.70899275
   105	SKA041 21.4416387 -30.710689
   106	SKA042 21.4451202 -30.711168
   107	SKA043 21.4390904 -30.711278
   108	SKA044 21.4437639 -30.711281
   109	SKA045 21.4522796 -30.711729
   110	SKA046 21.4443592 -30.711825
   111	SKA047 21.4405425 -30.711918
   112	SKA048 21.4423558 -30.712025
   113	SKA049 21.4435744 -30.712107
   114	SKA050 21.4444375 -30.712193
   115	SKA051 21.4439168 -30.712207
   116	SKA052 21.4426256 -30.712211
   117	SKA053 21.4433231 -30.712317
   118	SKA054 21.4473345 -30.712406
   119	SKA055 21.4416585 -30.712409
   120	SKA056 21.4436675 -30.712428
   121	SKA057 21.4429691 -30.71245
   122	SKA058 21.4422514 -30.712485
   123	SKA059 21.4442278 -30.712544
   124	SKA060 21.4052401 -30.712547
   125	SKA061 21.445672 -30.712552
   126	SKA062 21.4432796 -30.712597
   127	SKA063 21.4352434 -30.712648
   128	SKA064 21.4426044 -30.712715
   129	SKA065 21.4429391 -30.712722
   130	SKA066 21.4445107 -30.71285
   131	SKA067 21.4451171 -30.712941
   132	SKA068 21.4419132 -30.71295
   133	SKA069 21.4426862 -30.712981
   134	SKA070 21.45839335 -30.71299125
   135	SKA071 21.4441059 -30.712991
   136	SKA072 21.4423381 -30.713089
   137	SKA073 21.4432221 -30.713174
   138	SKA074 21.442917 -30.713281
   139	SKA075 21.4439358 -30.713328
   140	SKA076 21.4442883 -30.713364
   141	SKA077 21.4400382 -30.713405
   142	SKA078 21.4422628 -30.713413
   143	SKA079 21.4435953 -30.713434
   144	SKA080 21.4432548 -30.713481
   145	SKA081 21.4446124 -30.713603
   146	SKA082 21.4440499 -30.713665
   147	SKA083 21.4377571 -30.713717
   148	SKA084 21.4418779 -30.713786
   149	SKA085 21.4424806 -30.713809
   150	SKA086 21.4434036 -30.713858
   151	SKA087 21.4427442 -30.714023
   152	SKA088 21.4436833 -30.714159
   153	SKA089 21.4457952 -30.714161
   154	SKA090 21.4410498 -30.714684
   155	SKA091 21.4435517 -30.714778
   156	SKA092 21.4474835 -30.714879
   157	SKA093 21.4421612 -30.714887
   158	SKA094 21.4442517 -30.715123
   159	SKA095 21.4398972 -30.715681
   160	SKA096 21.4555383 -30.715743
   161	SKA097 21.4439389 -30.716027
   162	SKA098 21.4376419 -30.716174
   163	SKA099 21.4449919 -30.716377
   164	SKA100 21.4490364 -30.717223
   165	SKA101 21.444662 -30.718358
   166	SKA102 21.4363558 -30.718739
   167	SKA103 21.4402166 -30.719265
   168	SKA104 21.4472659 -30.720233
   169	SKA105 21.53229856 -30.72375434
   170	SKA106 21.43284944 -30.72091251
   171	SKA107 21.3974997 -30.722426
   172	SKA108 21.43389914 -30.72517868
   173	SKA109 21.4376456 -30.729515
   174	SKA110 21.51112423 -30.73479045
   175	SKA111 21.4424172 -30.734251
   176	SKA112 21.18376996 -30.72881114
   177	SKA113 21.3917083 -30.736333
   178	SKA114 21.45243193 -30.73975934
   179	SKA115 21.493833 -30.736932
   180	SKA116 21.4602722 -30.742016
   181	SKA117 21.4728481 -30.736715
   182	SKA118 21.39467576 -30.75229296
   183	SKA119 21.3971606 -30.77855145
   184	SKA120 21.88741798 -30.75980972
   185	SKA121 21.41272 -30.80198
   186	SKA122 21.1448195 -30.80984136
   187	SKA123 21.42369086 -30.8415849
   188	SKA124 21.80449227 -30.84449024
   189	SKA125 21.4589582 -30.8652901
   190	SKA126 21.508972 -30.879667
   191	SKA127 21.6973379 -30.883676
   192	SKA128 21.63561248 -30.86917657
   193	SKA129 21.10890461 -30.91061099
   194	SKA130 21.0771837 -31.04189381
   195	SKA131 21.16952104 -31.20125506
   196	SKA132 21.267511 -31.337997
   197	SKA133 21.49901372 -31.5195923
