1 M000 76.8157 8.35004
2 M001 86.19 44.0178
3 M002 52.9919 -8.66284
4 M003 18.6232 13.3839
5 M004 -38.4237 -37.4844
6 M005 -16.9101 -67.7777
7 M006 66.8586 -80.1341
8 M007 -4.42827 -187.859
9 M008 -8.36079 -320.672
10 M009 117.394 -156.058
11 M010 173.076 -297.428
12 M011 168.996 -137.006
13 M012 224.945 -153.258
14 M013 321.618 -178.548
15 M014 365.448 -70.4571
16 M015 295.494 -3.54662
17 M016 372.927 29.8546
18 M017 284.483 103.752
19 M018 190.687 -30.3812
20 M019 255.68 -69.8883
21 M020 181.986 -84.3609
22 M021 -210.587 -112.068
23 M022 -287.531 217.006
24 M023 -236.895 73.7154
25 M024 -265.595 367.137
26 M025 -96.708 442.958
27 M026 -13.8265 233.566
28 M027 125.503 193.251
29 M028 33.9466 128.942
30 M029 -3.59659 91.856
31 M030 256.167 330.851
32 M031 331.372 310.581
33 M032 545.845 392.658
34 M033 665.082 1083.82
35 M034 442.5 188.04
36 M035 470.817 34.8573
37 M036 472.923 -75.4398
38 M037 464.966 -244.651
39 M038 298.162 -354.858
40 M039 338.561 -378.015
41 M040 58.2403 -498.561
42 M041 -202.185 -447.819
43 M042 -276.271 -245.665
44 M043 -544.116 87.6426
45 M044 -810.087 819.347
46 M045 -1745.79 484.408
47 M046 -1380.47 1975.36
48 M047 -492.634 -302.858
49 M048 -2716.89 2914.25
50 M049 -3516.89 655.237
51 M050 -1965.23 -630.377
52 M051 -764.336 -555.893
53 M052 -507.55 -936.69
54 M053 94.4264 -1093.13
55 M054 956.158 -285.285
56 M055 1285.55 313.392
57 M056 1681.7 685.073
58 M057 379.313 3489.19
59 M058 2887.14 2914.25
60 M059 3767.29 978.963
61 M060 3501.67 -1630.7
62 M061 68.677 -2116.44
63 M062 -1354.35 -2297.04
64 M063 -3331.44 -1630.7
65 SKA001 613.661 -32.2825
72 SKA008 -81024.9 45025.4
77 SKA013 12789.6 16937.1
78 SKA014 11981.9 10094.7
79 SKA015 -6583.17 8283.91
80 SKA016 -11212.5 7711.37
81 SKA017 -3509.38 7796.45
82 SKA018 -1637.27 6583.2
83 SKA019 -15900.9 6019.93
84 SKA020 839.069 5976
86 SKA022 12523.1 4830.95
87 SKA023 1711.7 4289.29
88 SKA024 1828.72 2932.43
89 SKA025 -20300.9 2933.26
90 SKA026 2012.42 2298.86
91 SKA027 10348.7 2006.71
92 SKA028 -1226.94 1362.54
93 SKA029 -814.287 1306.44
94 SKA030 -378.131 1184.88
95 SKA031 -2051.98 1159.83
96 SKA032 2065.97 1134.9
97 SKA033 140.658 892.556
98 SKA034 -2816.33 762.646
99 SKA035 -192.425 721.681
100 SKA036 220.189 576.744
101 SKA037 1840.3 473.774
102 SKA038 -230.592 454.961
103 SKA039 65.6919 417.001
104 SKA040 -758.057 446.083
105 SKA041 -130.283 257.258
106 SKA042 202.914 203.936
107 SKA043 -374.168 191.691
109 SKA045 888.104 141.486
110 SKA046 130.082 130.8
112 SKA048 -61.6532 108.536
113 SKA049 54.973 99.4079
114 SKA050 137.576 89.8344
119 SKA055 -128.388 65.7895
124 SKA060 -3613.81 50.4275
125 SKA061 255.724 49.8709
127 SKA063 -742.346 39.1843
131 SKA067 202.617 6.56782
132 SKA068 -104.012 5.56595
134 SKA070 1473.22 0.974041
139 SKA075 89.5608 -36.5126
141 SKA077 -283.459 -45.0842
143 SKA079 56.9732 -48.3124
145 SKA081 154.315 -67.1254
146 SKA082 100.481 -74.0271
147 SKA083 -501.772 -79.8157
153 SKA089 267.515 -129.241
155 SKA091 52.8005 -197.925
156 SKA092 429.093 -209.168
159 SKA095 -296.954 -298.446
160 SKA096 1199.98 -305.348
162 SKA098 -512.797 -353.327
163 SKA099 190.635 -375.924
164 SKA100 577.714 -470.1
165 SKA101 159.062 -596.447
166 SKA102 -635.883 -638.86
167 SKA103 -266.385 -697.414
168 SKA104 408.268 -805.17
169 SKA105 8546.32 -1197.16
170 SKA106 -971.46 -880.813
171 SKA107 -4354.61 -1049.29
172 SKA108 -870.998 -1355.72
173 SKA109 -512.443 -1838.43
174 SKA110 6519.83 -2425.69
175 SKA111 -55.7769 -2365.64
177 SKA113 -4908.87 -2597.41
178 SKA114 902.683 -2978.82
179 SKA115 4864.97 -2664.09
180 SKA116 1653.04 -3230.03
181 SKA117 2856.61 -2639.93
182 SKA118 -4624.87 -4374.05
183 SKA119 -4387.06 -7297.12
185 SKA121 -2897.95 -9905.16
187 SKA123 -1847.98 -14313.9
189 SKA125 1527.28 -16952.8
190 SKA126 6313.85 -18553.2
